Name = Abdullah
Age = 0
Country = Al
Country = 0.000000
Country = 0.000000
